app init done
movielens
jaccard 1 bestItemsOfCluster 0 0.02429763586067987 0.023971133262482333 0.023711301995868753 0.023993357039676987
jaccard 1 bestItemsOverall 0 0.012623544751713416 0.014284179009116027 0.012870147484822993 0.013259290415217478
jaccard 1 random 0 0.0066937186480937475 0.007234036898769584 0.006926293908006759 0.006951349818290031
jaccard 1 tfTfidf 0 0.02416053775541568 0.023318107219598348 0.023381751837071245 0.023620132270695093
jaccard 1 tfidf 0 0.02416226110000874 0.022956362024673455 0.021886167139457083 0.023001596754713093
jaccard 1 withRatings 0 0.020046704406420982 0.019743801550837704 0.01883608584309954 0.019542197266786077
jaccard 2 bestItemsOfCluster 0 0.024384899995104774 0.024062133231357412 0.022764298785488142 0.023737110670650107
jaccard 2 bestItemsOverall 0 0.013170763590900499 0.014340823355352547 0.013019264429661292 0.013510283791971445
jaccard 2 random 0 0.007038882373321694 0.0072319741509276 0.00625637578394729 0.006842410769398861
jaccard 2 tfTfidf 0 0.0242033705907583 0.023403526369660803 0.02245663206216606 0.023354509674195056
jaccard 2 tfidf 0 0.02433262856294257 0.023029132556592478 0.02115874139819691 0.022840167505910655
jaccard 2 withRatings 0 0.019928364262483386 0.019940332972037615 0.01885930270772031 0.019575999980747105
jaccard 3 bestItemsOfCluster 0 0.02381842195567452 0.02372261435553002 0.022658414780195868 0.023399817030466803
jaccard 3 bestItemsOverall 0 0.013577059715199626 0.014658572760709086 0.013343815313122124 0.013859815929676944
jaccard 3 random 0 0.00810716382333108 0.008361357143534358 0.007858189678028168 0.008108903548297868
jaccard 3 tfTfidf 0 0.023614046530795522 0.023143479788600093 0.022389908514740285 0.02304914494471197
jaccard 3 tfidf 0 0.023494049175765478 0.022685926517385192 0.021208457416157095 0.022462811036435923
jaccard 3 withRatings 0 0.01976636608240496 0.01976362290530115 0.01874429327367935 0.019424760753795154
jaccard-bigram 1 bestItemsOfCluster 0 0.01779549975700807 0.01950105962847477 0.018153614961069917 0.01848339144885092
jaccard-bigram 1 bestItemsOverall 0 0.012136951704146543 0.009621821811857096 0.013166617408386014 0.01164179697479655
jaccard-bigram 1 random 0 0.010905904474781118 0.009455546375647316 0.011654881793114425 0.010672110881180953
jaccard-bigram 1 tfTfidf 0 0.01772178535476261 0.019527959680829383 0.018148093804721325 0.018465946280104437
jaccard-bigram 1 tfidf 0 0.015099197899288675 0.012545463181419641 0.01635252177417614 0.01466572761829482
jaccard-bigram 1 withRatings 0 0.017555782931373623 0.019471310519767623 0.018344683997802393 0.01845725914964788
jaccard-bigram 2 bestItemsOfCluster 0 0.01802600397523479 0.01922638995165688 0.01849505352309702 0.018582482483329565
jaccard-bigram 2 bestItemsOverall 0 0.01220533929658389 0.010629262672953084 0.013352610282844268 0.01206240408412708
jaccard-bigram 2 random 0 0.011233036770859784 0.010116567158379337 0.012143090026464727 0.011164231318567948
jaccard-bigram 2 tfTfidf 0 0.017931310444968263 0.019233840790501527 0.018445999302375553 0.01853705017928178
jaccard-bigram 2 tfidf 0 0.0150056669003978 0.013210442999388524 0.016553545552200396 0.014923218483995573
jaccard-bigram 2 withRatings 0 0.01756121786135859 0.019518694359148596 0.018445416420789975 0.01850844288043239
jaccard-bigram 3 bestItemsOfCluster 0 0.020191525175712606 0.019776821360602662 0.018680519409541286 0.019549621981952186
jaccard-bigram 3 bestItemsOverall 0 0.013641590245899334 0.011276252260901199 0.012636774301170276 0.012518205602656938
jaccard-bigram 3 random 0 0.012480869912402489 0.011730687068650533 0.011284604545820857 0.011832053842291293
jaccard-bigram 3 tfTfidf 0 0.019725256347696295 0.01991554679695007 0.018567766504089072 0.01940285654957848
jaccard-bigram 3 tfidf 0 0.016485193953653058 0.013837275667505523 0.015587413151657169 0.01530329425760525
jaccard-bigram 3 withRatings 0 0.018802316779447967 0.019553831652995003 0.01843268789995432 0.018929612110799094
jaccard-levenshtein 1 bestItemsOfCluster 0 0.023041568502471434 0.023097964581382392 0.021092931864470824 0.02241082164944155
jaccard-levenshtein 1 bestItemsOverall 0 0.013452909354967077 0.012703380193705193 0.012082160511676007 0.012746150020116092
jaccard-levenshtein 1 random 0 0.006853632984557221 0.006966505871492635 0.006115906576700239 0.006645348477583364
jaccard-levenshtein 1 tfTfidf 0 0.02269803850862987 0.023098422149365524 0.020991127315760083 0.022262529324585157
jaccard-levenshtein 1 tfidf 0 0.020796658208742824 0.02162807893833026 0.019658050776733344 0.020694262641268807
jaccard-levenshtein 1 withRatings 0 0.018195281239702363 0.020539978872540124 0.01814315305725852 0.018959471056500334
jaccard-levenshtein 2 bestItemsOfCluster 0 0.02236849469905013 0.022315492998404803 0.02087520376660324 0.021853063821352724
jaccard-levenshtein 2 bestItemsOverall 0 0.013436989345802472 0.01287845048181474 0.012276896274619408 0.012864112034078874
jaccard-levenshtein 2 random 0 0.006889499808715778 0.007070036596544401 0.0062954717747776235 0.006751669393345934
jaccard-levenshtein 2 tfTfidf 0 0.022256403589701126 0.02232399293814324 0.020749147693852717 0.021776514740565692
jaccard-levenshtein 2 tfidf 0 0.020477628434842583 0.021045443481089523 0.019310304729438798 0.020277792215123634
jaccard-levenshtein 2 withRatings 0 0.018223207694416932 0.020505885441588576 0.01811261557794085 0.018947236237982116
jaccard-levenshtein 3 bestItemsOfCluster 0 0.02139910967172617 0.0215179740398587 0.020699857576137404 0.021205647095907425
jaccard-levenshtein 3 bestItemsOverall 0 0.013757156634021484 0.013251834109883566 0.0127012722963014 0.013236754346735484
jaccard-levenshtein 3 random 0 0.007670916208094447 0.007158589470049616 0.007448997595991469 0.007426167758045177
jaccard-levenshtein 3 tfTfidf 0 0.021284511949645334 0.021545170467993334 0.020504594724743253 0.021111425714127306
jaccard-levenshtein 3 tfidf 0 0.01960138722555567 0.02061216458150928 0.019184062341059734 0.01979920471604156
jaccard-levenshtein 3 withRatings 0 0.01823236821754845 0.020320788220347042 0.018238584050716367 0.01893058016287062
levenshtein 1 bestItemsOfCluster 0 0.020128726923314178 0.018215112120755203 0.019296726432668346 0.01921352182557924
levenshtein 1 bestItemsOverall 0 0.013619759614445798 0.012890344506983339 0.012376634902027533 0.012962246341152223
levenshtein 1 random 0 0.0067782297496972056 0.006680349136367953 0.0057027438149198665 0.006387107566995009
levenshtein 1 tfTfidf 0 0.01937619768832566 0.017749479776984406 0.018826870578395247 0.01865084934790177
levenshtein 1 tfidf 0 0.018880657207845323 0.01709842098014463 0.018526117339824892 0.018168398509271617
levenshtein 1 withRatings 0 0.018720995141271103 0.019643844059283433 0.018150366216166065 0.018838401805573533
levenshtein 2 bestItemsOfCluster 0 0.01956780428463638 0.01835864518181795 0.018679939517356553 0.018868796327936962
levenshtein 2 bestItemsOverall 0 0.013766175959842784 0.013534058591951873 0.012902216617259116 0.013400817056351258
levenshtein 2 random 0 0.007391186500132702 0.007209572023437474 0.006874174806998317 0.007158311110189497
levenshtein 2 tfTfidf 0 0.018964280527059996 0.018024726660194116 0.018431229274116712 0.018473412153790277
levenshtein 2 tfidf 0 0.018792765740844174 0.017176881003885047 0.018377063876136825 0.01811557020695535
levenshtein 2 withRatings 0 0.01856483795862204 0.019629587685013793 0.018116723418031788 0.018770383020555875
levenshtein 3 bestItemsOfCluster 0 0.019507718309903586 0.017996931801015817 0.01851676950684168 0.018673806539253695
levenshtein 3 bestItemsOverall 0 0.014096717531252847 0.013770256869173722 0.01353436439242416 0.013800446264283575
levenshtein 3 random 0 0.007808411967441412 0.006986685934912041 0.0067369291656156904 0.007177342355989714
levenshtein 3 tfTfidf 0 0.019071593878072782 0.01759755337518257 0.018232387028353805 0.018300511427203053
levenshtein 3 tfidf 0 0.018416025788056737 0.01696757692929967 0.018248236376583397 0.017877279697979937
levenshtein 3 withRatings 0 0.018594016209882623 0.01958824253180829 0.018134070316667875 0.018772109686119597
216
